Day     Month   Year    Tmin(C) Tmax(C) Prcp(mm)ET0(mm)
      15       6    2018   18.09   34.69       0    10.2
      16       6    2018   17.44   29.76    3.56     5.3
      17       6    2018   17.24    28.4       0    6.09
      18       6    2018   13.78   32.65       0    8.18
      19       6    2018   17.55   34.62       0    8.94
      20       6    2018   15.54   28.57       0    5.63
      21       6    2018   16.22   33.88       0     7.7
      22       6    2018   17.51   37.61    0.76   11.56
      23       6    2018   14.18   33.47       0    8.11
      24       6    2018    16.9   34.38       0    9.26
      25       6    2018   14.25   29.11       0    6.54
      26       6    2018   16.63   38.05       0   10.13
      27       6    2018    18.7   38.53       0   10.96
      28       6    2018   19.82    36.9       0   11.06
      29       6    2018   19.11   36.76    7.11   10.64
      30       6    2018   17.92   35.57       0    9.64
       1       7    2018   15.27   33.13       0    8.77
       2       7    2018   16.43   33.47       0    7.69
       3       7    2018   13.71   35.54       0    9.24
       4       7    2018   17.72   35.95       0    8.82
       5       7    2018   18.02   31.09       0    7.04
       6       7    2018   16.53   29.05    7.37    4.36
       7       7    2018   14.86    30.1       0     5.8
       8       7    2018   15.41   31.33       0    6.76
       9       7    2018   15.88    31.6       0     6.6
      10       7    2018   15.64   32.62       0    7.15
      11       7    2018   15.88   32.89       0    7.77
      12       7    2018   17.31   30.54   10.67     6.6
      13       7    2018   17.44   32.44       0    6.57
      14       7    2018   16.93   31.33       0    7.06
      15       7    2018   17.61   33.94    0.25    7.81
      16       7    2018   18.09    33.5       0    7.25
      17       7    2018   18.26    35.3       0    7.71
      18       7    2018   17.99   38.59       0    9.19
      19       7    2018    20.4   39.04       0    9.55
      20       7    2018   21.18   38.39       0   11.17
      21       7    2018    18.9   37.41       0   10.19
      22       7    2018   19.17   39.07       0   10.14
      23       7    2018   20.02   33.57       0    8.64
      24       7    2018   18.12   31.63   14.99    6.53
      25       7    2018   18.36   34.55       0    7.83
      26       7    2018   16.76   30.07   21.84     5.8
      27       7    2018   17.51   27.52   11.18    3.92
      28       7    2018    16.9    33.2       0    7.28
      29       7    2018   19.41   35.95       0    8.17
      30       7    2018   15.98    26.2    2.29    5.15
      31       7    2018   14.22   27.76       0    5.67
       1       8    2018   14.93    33.4       0    8.03
       2       8    2018   15.81   32.18    1.02    6.58
       3       8    2018   18.36   34.08       0    7.65
       4       8    2018   16.87   34.72       0    7.52
       5       8    2018   16.63   33.43       0    8.18
       6       8    2018   16.09   32.55       0    8.52
       7       8    2018   18.12   33.74       0    7.29
       8       8    2018   16.26   30.28       0    6.83
       9       8    2018   14.76   29.43    0.76    5.26
      10       8    2018   16.22   28.84    0.25    4.64
      11       8    2018   14.32   26.12    2.79    3.18
      12       8    2018   13.37   28.71       0    5.87
      13       8    2018   13.23   30.88       0     6.8
      14       8    2018   15.68   32.79       0    6.12
      15       8    2018   16.43   34.08   26.42    7.25
      16       8    2018   16.29   33.26   21.84    7.51
      17       8    2018      17   32.21    6.35    6.26
      18       8    2018      17   27.63   20.57    4.51
      19       8    2018   15.24   27.63    0.25    5.08
      20       8    2018    15.1   27.32       0    5.35
      21       8    2018   15.47   31.77       0    6.28
      22       8    2018   16.83   31.09    2.29    6.24
      23       8    2018   15.58   32.55       0    6.93
      24       8    2018   18.53   33.98       0    7.56
      25       8    2018   18.05   34.45    1.78    6.74
      26       8    2018   17.95   34.08       0     8.1
      27       8    2018   19.79   34.49    0.51    8.79
      28       8    2018   17.07   35.95       0    8.42
      29       8    2018   14.32   28.68       0    5.86
      30       8    2018   16.32   34.72       0    7.78
      31       8    2018   17.21    35.3       0    8.29
       1       9    2018   14.59   29.19    9.14    4.29
       2       9    2018   15.92   30.34       0    6.79
       3       9    2018   15.27   25.75    5.33    3.59
       4       9    2018   15.17   28.61       0    4.88
       5       9    2018   16.22   26.57       0    3.12
       6       9    2018   15.03   23.88       0    3.17
       7       9    2018   14.25   22.84       0    2.72
       8       9    2018   12.45   25.95       0    4.21
       9       9    2018   15.81    28.5    1.02    5.11
      10       9    2018   15.03   28.68    0.25     5.2
      11       9    2018   12.52    29.9       0    5.82
      12       9    2018   13.54   31.19       0    6.72
      13       9    2018   13.98   32.65       0    7.16
      14       9    2018      15   31.02       0    6.58
      15       9    2018   14.46   29.97       0    5.08
      16       9    2018   14.97   29.05       0    5.36
      17       9    2018   12.96   30.89       0    5.73
      18       9    2018   15.24   30.99       0    5.72
      19       9    2018   16.59   31.97       0     6.1
      20       9    2018   14.56   27.82    19.3    4.19
      21       9    2018   11.16   21.42    0.25    1.86
      22       9    2018    8.56   25.95       0    4.57
      23       9    2018    7.88   29.49       0    5.85
      24       9    2018    8.66   31.05       0    6.89
      25       9    2018   11.57   25.92    1.27    5.71
      26       9    2018    7.61   14.97    2.03    2.13
      27       9    2018    7.17   25.58       0    4.35
      28       9    2018    7.44   25.75       0    5.12
      29       9    2018    6.79   26.97       0    4.41
      30       9    2018   13.61   31.86       0    7.02
       1      10    2018   13.47   29.49       0     4.9
       2      10    2018    13.1   29.73       0    4.66
       3      10    2018   16.73   32.28       0    6.64
       4      10    2018   10.93   25.72       0    4.21
       5      10    2018   16.56    31.8       0    6.76
       6      10    2018    6.49   17.21    0.76     1.3
       7      10    2018   12.22   23.99    1.52     3.2
       8      10    2018   11.13   22.49    12.7    3.25
       9      10    2018    3.24   13.71    6.86    1.42
      10      10    2018    1.03   19.34       0    3.23
      11      10    2018    7.26   10.93       0     0.8
      12      10    2018   10.79   21.71    0.51    2.96
      13      10    2018   10.01   22.97    2.54    3.55
      14      10    2018   -2.02   13.74       0    1.34
      15      10    2018   -2.98     4.9       0     1.6
      16      10    2018    2.35   12.76       0    1.47
      17      10    2018    4.32   12.93       0    1.03
      18      10    2018    5.03     7.4   12.45    0.67
      19      10    2018    4.75    22.8    0.25    1.73
      20      10    2018    3.64   20.25       0    1.71
      21      10    2018    4.83    21.2       0    1.68
      22      10    2018    5.77    23.1       0    1.56
      23      10    2018    8.28   23.71       0     1.6
      24      10    2018    4.86   10.99   19.81    0.76
      25      10    2018    5.03   22.39       0    3.54
      26      10    2018    6.59   23.17       0    1.32
      27      10    2018    5.74   25.61       0    3.77
      28      10    2018    6.62   20.32       0    1.66
      29      10    2018    6.45   26.53       0    4.94
      30      10    2018    6.93   17.27       0    1.27
      31      10    2018    0.15    7.06       0    0.72
       1      11    2018    -0.8   16.05       0    1.91
       2      11    2018    1.41   20.01       0    1.73
       3      11    2018    1.34   18.32    1.27    1.12
       4      11    2018    0.39   17.92       0    2.96
       5      11    2018    4.08   21.91       0    4.77
       6      11    2018    2.86   23.17       0     4.4
       7      11    2018     3.3   13.98       0    0.73
       8      11    2018    1.41     7.6       0    0.55
       9      11    2018   -2.26   12.45       0    0.65
      10      11    2018   -2.77    14.9       0    0.88
      11      11    2018   -3.35    9.23       0    0.71
      12      11    2018   -10.1    0.35       0    0.54
      13      11    2018  -10.23    4.99       0    0.58
      14      11    2018   -4.39   13.87       0    0.67
      15      11    2018   -1.04   19.37       0    0.77
      16      11    2018   -1.04   20.59       0    0.61
      15       5    2019     9.5   29.86       0    5.01
      16       5    2019   11.94   31.15       0    6.39
      17       5    2019   12.15   28.97       0    5.93
      18       5    2019    8.86   23.41       0    6.07
      19       5    2019    4.79   25.48       0    5.13
      20       5    2019   10.45    24.7       0    5.87
      21       5    2019    4.93      21       0    5.62
      22       5    2019    4.73   29.35       0    5.25
      23       5    2019   11.44   26.97       0    4.16
      24       5    2019    7.84   29.21       0    4.09
      25       5    2019   15.61   26.77    5.84    3.31
      26       5    2019   11.94   28.57    8.38    4.87
      27       5    2019   11.81   29.11    0.25    5.66
      28       5    2019   10.55   25.51       0    5.56
      29       5    2019   10.11   21.61       0    3.52
      30       5    2019     7.2   24.63    8.64    3.75
      31       5    2019    9.54   27.48       0    3.68
       1       6    2019   13.51   30.88   14.99    7.23
       2       6    2019   12.62   25.85    1.02    5.13
       3       6    2019   12.39   28.63       0    6.26
       4       6    2019   10.89   29.79    8.89    7.12
       5       6    2019    8.92   25.51   15.24       5
       6       6    2019   12.01   26.26       0     5.9
       7       6    2019    14.9   30.23       0    6.88
       8       6    2019   15.81   34.08       0    8.61
       9       6    2019   12.35   21.65       0    5.18
      10       6    2019   11.91   22.97       0     6.1
      11       6    2019   11.13   30.99       0    7.62
      12       6    2019    13.2   25.21       0    6.97
      13       6    2019   12.59   30.88    0.76    8.78
      14       6    2019   16.29   36.39       0   10.68
      15       6    2019   11.98   33.81       0    9.15
      16       6    2019   14.66   26.81       0    5.87
      17       6    2019   13.98   29.83    6.86    6.72
      18       6    2019      13   31.19       0    7.74
      19       6    2019   11.74   32.96       0    8.17
      20       6    2019   14.05   36.76       0    9.29
      21       6    2019   13.64   36.18       0    11.7
      22       6    2019   14.05   31.53       0    8.11
      23       6    2019   12.73   31.06       0    9.17
      24       6    2019   14.08   31.53       0    8.63
      25       6    2019   15.44   35.03       0   10.11
      26       6    2019   16.83   35.03    1.78   10.26
      27       6    2019   17.41    33.3    1.52    9.12
      28       6    2019    15.1   33.71       0    8.71
      29       6    2019   15.71   34.08       0    8.53
      30       6    2019   16.87   35.88       0    9.46
       1       7    2019   15.95   35.61    1.27    9.01
       2       7    2019   17.92   31.23       0    6.44
       3       7    2019   15.95   35.47       0    8.89
       4       7    2019   17.48   36.22       0   10.17
       5       7    2019   17.65   35.44    2.03    8.63
       6       7    2019    15.3   27.26   50.29    4.99
       7       7    2019   16.19   27.73    1.02    5.49
       8       7    2019   17.31   33.26    1.27    8.72
       9       7    2019   14.73   35.06       0    8.28
      10       7    2019    15.2   34.72    0.25    7.95
      11       7    2019   18.94   32.82       0    7.27
      12       7    2019   16.53   34.15       0    7.02
      13       7    2019   17.51   33.47       0    7.19
      14       7    2019   14.42   33.13       0    7.03
      15       7    2019   17.27   34.72       0    7.57
      16       7    2019   21.11   35.13       0    7.75
      17       7    2019   19.21   34.83       0     8.3
      18       7    2019   20.57   37.58       0    9.35
      19       7    2019   20.47   37.85       0    9.64
      20       7    2019    18.9   38.83       0    9.97
      21       7    2019   18.53   35.74    1.52    8.24
      22       7    2019   18.09   26.13       0       4
      23       7    2019   14.66   29.26       0    5.93
      24       7    2019   14.12   31.74       0    7.37
      25       7    2019   15.78   33.26       0    8.68
      26       7    2019   17.51   33.16       0    8.62
      27       7    2019   17.85   32.14       0    7.88
      28       7    2019   17.31   34.72   50.04    7.38
      29       7    2019   17.72   32.92       0    7.36
      30       7    2019   16.59   33.16       0    7.07
      31       7    2019   18.12   33.71       0    7.05
       1       8    2019    17.1   34.59       0    7.64
       2       8    2019   17.85   35.91       0    7.75
       3       8    2019   18.43   30.11    4.06    3.75
       4       8    2019   17.85   32.62       0    6.32
       5       8    2019   16.83   34.52       0    6.84
       6       8    2019   17.82   34.76       0    6.34
       7       8    2019   19.24   37.03       0    7.69
       8       8    2019   21.18   34.38    1.78    6.52
       9       8    2019   18.05   34.62    0.25    6.04
      10       8    2019   17.44   34.89       0    6.57
      11       8    2019   19.04   34.06       0    6.33
      12       8    2019   20.63   33.23       0    6.16
      13       8    2019   16.87   32.52       0    5.98
      14       8    2019   14.08   30.41    7.11    5.88
      15       8    2019   16.05   33.74       0    7.33
      16       8    2019      17   36.01       0    8.35
      17       8    2019   17.07   37.24       0    7.74
      18       8    2019   16.43   37.85       0    7.21
      19       8    2019   19.01   34.83       0    6.76
      20       8    2019   21.45   34.66    0.25    6.62
      21       8    2019   17.31   34.32    8.38    7.72
      22       8    2019   16.22   30.14    9.65    6.13
      23       8    2019   15.58   31.23    8.64    6.69
      24       8    2019   14.43   31.67       0    6.25
      25       8    2019   17.14   36.63       0     7.4
      26       8    2019   17.99   34.93       0    8.11
      27       8    2019   17.34   23.32    0.25    2.13
      28       8    2019   18.12   30.68       0    5.94
      29       8    2019   17.99   35.37       0    7.48
      30       8    2019   15.64   34.42       0    7.19
      31       8    2019   16.26    33.5       0    6.76
       1       9    2019   16.32   32.11    1.02    6.08
       2       9    2019   16.05   33.03       0    6.53
       3       9    2019   15.14   33.37       0    6.89
       4       9    2019   15.48   31.77       0    5.61
       5       9    2019   14.39   32.45       0    6.16
       6       9    2019   15.54   32.72       0    6.16
       7       9    2019   16.53   33.16       0    6.28
       8       9    2019   18.97   29.73       0    5.91
       9       9    2019   17.31   30.92       0    6.61
      10       9    2019   14.63    29.6       0     5.5
      11       9    2019   17.34    31.7       0    6.24
      12       9    2019   16.83   30.72    0.51    5.99
      13       9    2019   15.07   27.05       0    4.14
      14       9    2019   15.61    29.8       0    5.23
      15       9    2019    15.3   28.71       0     5.4
      16       9    2019   16.59   28.82       0    6.08
      17       9    2019    15.3   31.19       0    6.14
      18       9    2019   14.12    33.5       0    5.93
      19       9    2019   15.64   30.38       0    5.04
      20       9    2019   15.71   26.64    7.62    4.09
      21       9    2019   15.71   26.13    2.54    3.19
      22       9    2019    14.9   27.32       0     5.2
      23       9    2019   13.13   30.11       0    5.51
      24       9    2019   17.31   31.09       0    6.33
      25       9    2019   13.37   32.99       0    7.12
      26       9    2019   13.81    31.8       0    5.73
      27       9    2019   13.23   31.13       0    7.52
      28       9    2019   15.47   27.56       0    5.24
      29       9    2019   17.65   30.01       0    5.25
      30       9    2019      17   25.35    3.05    3.14
       1      10    2019    15.3   23.15   75.95    2.03
       2      10    2019   16.43   25.35    1.02    3.18
       3      10    2019    9.67   17.88   68.83    0.71
       4      10    2019    11.3   19.75   22.35    1.39
       5      10    2019   14.12   26.51       0    4.59
       6      10    2019    8.22   19.58       0    3.05
       7      10    2019    4.19   19.41       0    3.12
       8      10    2019    6.63   25.45    7.62    4.37
       9      10    2019   12.01   26.91       0    5.48
      10      10    2019    -0.9   15.17       0    3.02
      11      10    2019   -3.88   11.37       0    2.63
      12      10    2019   -0.94   19.14       0    4.34
      13      10    2019    5.95   26.88       0    5.89
      14      10    2019    7.98   27.39       0    5.73
      15      10    2019    7.47   19.92       0    4.42
      16      10    2019    1.71   21.14       0
      17      10    2019    5.64   25.93       0
      18      10    2019    8.39   26.74       0
      19      10    2019    6.45    20.8       0
      20      10    2019    3.85   23.92       0
      21      10    2019   -1.31   17.58       0
      22      10    2019    1.78   19.75       0
      23      10    2019    5.27   22.06       0
      24      10    2019   -6.87    7.75       0
      25      10    2019   -7.38   11.91    2.79
      26      10    2019   -0.84    24.6       0
      27      10    2019    1.27   11.51       0
      28      10    2019   -2.19    4.86       0
      29      10    2019   -3.48    1.71       0
      30      10    2019   -9.79   -3.25       0
      31      10    2019  -10.67   12.96       0
       1      11    2019   -2.57   13.88       0
       2      11    2019   -5.04   12.66       0
       3      11    2019   -0.67    24.7       0
       4      11    2019    1.61   21.64       0
       5      11    2019   -1.51   17.78       0
       6      11    2019    0.65   19.11    0.76
       7      11    2019   -2.74    0.79       0
       8      11    2019    0.49   12.66    0.25
       9      11    2019   -0.05   20.93       0
      10      11    2019    3.07   24.29       0
      11      11    2019   -10.4    9.03       0
      12      11    2019  -11.21    7.63       0
      13      11    2019   -4.53   22.02       0
      14      11    2019   -4.16   11.67       0
      15      11    2019   -1.11   17.17       0
      15       5    2020   10.11   27.72       0    4.13
      16       5    2020    9.78   27.44       0    3.91
      17       5    2020   11.33   29.61       0     4.3
      18       5    2020      12      36       0    5.25
      19       5    2020   12.78      36       0    6.77
      20       5    2020   15.78   33.72       0    7.01
      21       5    2020   11.72   30.44       0    6.24
      22       5    2020   10.94    30.5       0    5.09
      23       5    2020    8.61   32.83       0     6.5
      24       5    2020   13.61    30.5       0    5.45
      25       5    2020    8.94   19.44       0    3.06
      26       5    2020    7.06   27.11       0    3.92
      27       5    2020   10.39   30.22       0    4.04
      28       5    2020   12.83    28.5       0    4.06
      29       5    2020   11.06   30.67       0    4.95
      30       5    2020   13.89   30.78       0    6.49
      31       5    2020   12.94   30.39       0    5.37
       1       6    2020   12.06   29.44       0    7.97
       2       6    2020   13.11   31.94       0    8.16
       3       6    2020   15.83   33.33       0    7.38
       4       6    2020   16.61   37.94       0   10.19
       5       6    2020   16.28   36.33       0   11.12
       6       6    2020   17.11   34.44       0   11.09
       7       6    2020   16.83   36.28       0   12.51
       8       6    2020   16.56   34.78       0   10.79
       9       6    2020   11.28   25.94       0    9.69
      10       6    2020    7.56   29.44       0    8.37
      11       6    2020   12.83   33.33       0   10.88
      12       6    2020   14.72   32.83       0   10.17
      13       6    2020   14.83   32.94       0   11.28
      14       6    2020   15.67    32.5       0   10.71
      15       6    2020   15.22   31.06       0     9.8
      16       6    2020   14.44   31.17       0    9.34
      17       6    2020   18.89   36.44       0   11.56
      18       6    2020   16.56   33.56       0    9.83
      19       6    2020   17.33   33.28       0    8.62
      20       6    2020   14.33   31.44       0    8.52
      21       6    2020   14.94   37.67       0   10.08
      22       6    2020   15.22   34.17    7.11    9.24
      23       6    2020   15.22   29.44   16.26     7.4
      24       6    2020   15.06   30.67       0    7.83
      25       6    2020   17.11   33.44    0.51    10.4
      26       6    2020   19.33   35.67    2.79   10.02
      27       6    2020   17.33   35.17       0    9.96
      28       6    2020   17.33   34.83       0    9.61
      29       6    2020   16.83   34.94       0   10.66
      30       6    2020   16.89      34       0   11.64
       1       7    2020   13.89   35.11       0    8.71
       2       7    2020   20.06   34.17       0    7.31
       3       7    2020   19.33   34.06       0    7.96
       4       7    2020   16.11   33.11   35.05    7.01
       5       7    2020   17.11   29.11     6.6    6.33
       6       7    2020    16.5   30.22       0    6.53
       7       7    2020    17.5   32.17       0    7.35
       8       7    2020    19.5   37.11       0     9.9
       9       7    2020   20.72   39.67       0   10.11
      10       7    2020   19.56   39.56       0    9.95
      11       7    2020   21.33    40.5       0   10.92
      12       7    2020   20.17      39    1.02   10.03
      13       7    2020   19.61   39.78       0    10.3
      14       7    2020   20.17   39.83       0   10.55
      15       7    2020   18.28   34.72    1.52    8.39
      16       7    2020   16.83   35.06    0.25    8.81
      17       7    2020   19.78   36.94    6.86   10.18
      18       7    2020   20.56   36.06    0.76    8.84
      19       7    2020   18.83   33.33     3.3    7.87
      20       7    2020   17.22   31.11   21.08    7.63
      21       7    2020   17.56   31.06    4.83    6.78
      22       7    2020    17.5   32.06       0    6.53
      23       7    2020    19.5   30.06       0    5.64
      24       7    2020   19.17   31.61    1.52    7.07
      25       7    2020   18.44   32.33       0    7.41
      26       7    2020   18.44   32.22       0    7.33
      27       7    2020   18.72   30.72    0.51    5.18
      28       7    2020   17.94   31.78    7.87    6.12
      29       7    2020   18.67   33.89       0    7.18
      30       7    2020   20.06   31.44       0    8.34
      31       7    2020   15.78   29.83       0    6.88
       1       8    2020   14.56   32.11       0    7.42
       2       8    2020   16.22   33.94    3.56    6.94
       3       8    2020   14.94   31.44    0.25    6.92
       4       8    2020   16.83   35.72       0    8.58
       5       8    2020   16.94   33.56       0    8.03
       6       8    2020   18.67      36       0    8.28
       7       8    2020   18.72   35.72       0    9.46
       8       8    2020   18.78   35.61    4.32    9.24
       9       8    2020   18.89   35.39       0    8.33
      10       8    2020   16.78   35.94       0    8.47
      11       8    2020   20.94   37.78       0    9.73
      12       8    2020   19.33   38.67       0    8.73
      13       8    2020   20.61      38       0    9.39
      14       8    2020   20.22   37.67       0    7.88
      15       8    2020   18.11   35.56       0    7.64
      16       8    2020   15.83   33.28       0     7.7
      17       8    2020   16.11   32.61       0    6.95
      18       8    2020   14.33   33.33       0    6.55
      19       8    2020   15.56   35.67       0    8.55
      20       8    2020   16.33   34.06       0    7.93
      21       8    2020   16.11   33.89    3.05    7.25
      22       8    2020   15.56   35.22       0    6.72
      23       8    2020   16.61   34.78       0    7.58
      24       8    2020   17.11   32.28    1.78    7.58
      25       8    2020   13.11    32.5       0    7.03
      26       8    2020   14.78   33.56       0    7.94
      27       8    2020   15.56   35.11       0    7.83
      28       8    2020   18.44   37.39       0    9.52
      29       8    2020      17   33.67       0    7.15
      30       8    2020    16.5   33.72       0    6.63
      31       8    2020   16.22   28.83       0    5.47
       1       9    2020      15   33.56    0.51    7.43
       2       9    2020   15.22   30.22       0    5.53
       3       9    2020   13.67    34.5       0    7.41
       4       9    2020   13.89   32.61       0    6.61
       5       9    2020   13.44   31.67       0     6.3
